
---
4 5
0 0 0 0 D
0 A 0 0 0
0 0 0 0 C
R 0 B 0 0
---
4 5
0 0 0 0 D
0 A 0 0 0
0 0 0 0 C
R 0 B 0 0
---
4 5
0 0 0 0 D
0 A 0 0 0
0 0 0 0 C
R 0 B 0 0
---
4 4
R 0 0 0
0 A 0 0
0 0 B 0
0 0 0 C
---
6 6
R 0 0 0 0 0
0 A 0 0 0 0
0 0 B 0 0 0
0 0 0 C 0 0
0 0 0 0 D 0
0 0 0 0 0 E
---
8 8
R 0 0 0 0 0 0 0
0 A 0 0 0 0 0 0
0 0 B 0 0 0 0 0
0 0 0 C 0 0 0 0
0 0 0 0 D 0 0 0
0 0 0 0 0 E 0 0
0 0 0 0 0 0 F 0
0 0 0 0 0 0 0 G
---
10 10
R 0 0 0 0 0 0 0 0 0
0 A 0 0 0 0 0 0 0 0
0 0 B 0 0 0 0 0 0 0
0 0 0 C 0 0 0 0 0 0
0 0 0 0 D 0 0 0 0 0
0 0 0 0 0 E 0 0 0 0
0 0 0 0 0 0 F 0 0 0
0 0 0 0 0 0 0 G 0 0
0 0 0 0 0 0 0 0 H 0
0 0 0 0 0 0 0 0 0 I
---
11 11
R 0 0 0 0 0 0 0 0 0 0
0 A 0 0 0 0 0 0 0 0 0
0 0 B 0 0 0 0 0 0 0 0
0 0 0 C 0 0 0 0 0 0 0
0 0 0 0 D 0 0 0 0 0 0
0 0 0 0 0 E 0 0 0 0 0
0 0 0 0 0 0 F 0 0 0 0
0 0 0 0 0 0 0 G 0 0 0
0 0 0 0 0 0 0 0 H 0 0
0 0 0 0 0 0 0 0 0 I 0
0 0 0 0 0 0 0 0 0 0 J