4 5
0 0 0 0 D
0 A 0 0 0
0 0 0 0 C
R 0 B 0 0

5 5
0 0 0 E 0
0 A 0 0 0
R 0 0 B 0
0 0 C 0 0
0 0 0 0 D

4 6
0 0 0 D 0 0
0 0 A 0 0 0
R 0 0 0 C 0
0 B 0 0 0 0

6 6
0 0 0 0 0 F
0 A 0 0 0 0
0 0 B 0 0 0
R 0 0 0 0 C
0 0 0 D 0 0
0 0 0 0 E 0

3 5
0 0 A 0 0
R 0 0 0 B
0 0 0 C 0


4 5
0 0 0 0 0
0 0 0 0 0
0 0 0 0 0
R 0 0 0 0

11 11
R 0 0 0 0 0 0 0 0 0 0
0 A 0 0 0 0 0 0 0 0 0
0 0 B 0 0 0 0 0 0 0 0
0 0 0 C 0 0 0 0 0 0 0
0 0 0 0 D 0 0 0 0 0 0
0 0 0 0 0 E 0 0 0 0 0
0 0 0 0 0 0 F 0 0 0 0
0 0 0 0 0 0 0 G 0 0 0
0 0 0 0 0 0 0 0 H 0 0
0 0 0 0 0 0 0 0 0 I 0
0 0 0 0 0 0 0 0 0 0 J
  
6 6
0 0 A 0 0 0
0 B 0 0 0 C
0 0 0 R 0 0
0 0 D 0 0 0
0 0 0 E 0 F
0 0 G 0 H 0

7 7
0 0 A 0 0 0 0
0 0 0 0 B 0 0
C 0 0 0 0 0 D
0 0 0 R 0 0 0
0 E 0 0 0 F 0
0 0 0 G 0 0 0
H 0 0 0 0 0 I


8 8
R 0 A 0 0 0 0 0
0 0 0 B 0 0 0 0
0 C 0 0 0 0 D 0
0 0 0 0 0 0 0 0
0 0 E 0 0 F 0 0
0 G 0 0 0 0 H 0
0 0 0 I 0 0 0 0
J 0 0 0 K 0 L 0

6 7
R 0 A 0 B 0 C
D 0 E 0 F 0 G
H 0 I 0 J 0 K
L 0 M 0 0 0 0
0 0 0 0 0 0 0
0 0 0 0 0 0 0

4 7
R A 0 B C 0 D
E 0 F 0 G 0 H
I 0 J 0 K 0 0
0 0 0 0 0 0 0

7 4
R 0 A 0
B 0 C 0
D 0 E 0
F 0 G 0
H 0 I 0
J 0 K 0
L 0 0 0

6 5
R 0 A 0 B
C 0 D 0 E
F 0 G 0 H
I 0 J 0 K
L 0 M 0 0
0 0 0 0 0

4 6
R 0 A 0 B 0
C 0 D 0 E 0
F 0 G 0 H 0
I 0 J 0 0 0

5 7
R A 0 B C 0 D
0 E 0 F 0 G 0
H 0 I 0 J 0 0
0 0 0 0 0 0 0
0 0 0 0 0 0 0

5 7
0 R 0 A 0 B 0
C 0 D 0 E 0 F
G 0 H 0 I 0 J
K 0 L 0 0 0 0
0 0 0 0 0 0 0

